energy_max: 10000
energy_min: 50
epeak: 84.58176
index: -0.9295732
type: Comptonized
