energy_max: 10000
energy_min: 50
epeak: 86.40084
index: -1.107594
type: Comptonized
