alpha: -0.6056056
beta: -2.399425
ebreak: 143.9007
energy_max: 5000.0
energy_min: 10.0
type: Band
