type: Comptonized
energy_min: 10
energy_max: 10000
index: -0.3759126
epeak: 70.81098
