energy_max: 10000
energy_min: 50
epeak: 70.81098
index: -0.3759126
type: Comptonized
