alpha: -0.8673255
beta: -2.004221
ebreak: 990.4448
energy_max: 10000
energy_min: 50
type: Band
