alpha: -0.8673255
beta: -2.004221
ebreak: 990.4448
energy_max: 5000.0
energy_min: 10.0
type: Band
