type: Comptonized
energy_min: 10
energy_max: 10000
index: -0.9295732
epeak: 84.58176
