alpha: -0.6056056
beta: -2.399425
ebreak: 143.9007
energy_max: 10000
energy_min: 50
type: Band
