type: Band
energy_min: 10
energy_max: 10000
alpha: -0.6056056
beta: -2.399425
ebreak: 103.1994247825436
