alpha: -0.4577412
beta: -2.586704
ebreak: 347.9916
energy_max: 5000.0
energy_min: 10.0
type: Band
