type: Band
energy_min: 10
energy_max: 10000
alpha: -0.4577412
beta: -2.586704
ebreak: 225.6376167216553
