type: Comptonized
energy_min: 10
energy_max: 10000
index: -1.107594
epeak: 86.40084
