energy_max: 5000.0
energy_min: 10.0
epeak: 86.40084
index: -1.107594
type: Comptonized
