alpha: -0.4577412
beta: -2.586704
ebreak: 347.9916
energy_max: 10000
energy_min: 50
type: Band
