type: Band
energy_min: 100
energy_max: 10000
alpha: -0.5878265
beta: -2.095031
ebreak: 298.0975071405886
