type: Band
energy_min: 100
energy_max: 10000
alpha: -0.9011762
beta: -2.288719
ebreak: 258.2424042872024
