type: Band
energy_min: 100
energy_max: 10000
alpha: -0.7993096
beta: -2.354012
ebreak: 222.3829723299195
