energy_max: 5000.0
energy_min: 10.0
epeak: 70.81098
index: -0.3759126
type: Comptonized
